DC-GAN: 102.92165488704279
SN-GAN: 100.42813960148817
ProGAN: 149.35049096587272
SAGAN: 109.56967575421638
